park
1620,1590,1540,2240
990,2170,1500,1500
1740,1270,1080,1050
1110,1140,1290,840
1540,760,1500,1500
1220,1830,1980,2060
extend
1620,1590,950,1690
1500,1720,1500,1500
1740,1170,1770,1690
1110,1140,1950,1440
960,1270,1500,1500
1220,1830,1150,1310
extend_half
1620,1590,1330,1970
1130,2020,1500,1500
1740,1170,1250,1280
1110,1140,1620,1140
1410,950,1500,1500
1220,1830,1730,1740
jugendstil
1620,1790,1200,1790
1180,1420,1500,1500
1740,1170,1280,1860
1110,960,1680,1290
1350,1470,1500,1500
1220,1700,1700,1120
jugendstil_half
1620,1590,1540,2240
1180,1420,1500,1500
1740,1170,1280,1860
1110,1140,1290,840
1350,1470,1500,1500
1220,1700,1700,1120
challenge
1620,1680,1400,2090
1040,1820,1500,1500
1740,1170,1210,1750
1110,990,1420,960
1420,1160,1500,1500
1220,1830,1760,1330
knife
1620,1590,1540,2240
1510,1620,1500,1500
1740,1270,1080,1050
1110,1140,1290,840
980,1300,1500,1500
1220,1830,1980,2060
push_away
1620,1800,1180,1710
990,2160,1500,1500
1740,1170,1080,1050
1110,950,1700,1340
1610,760,1500,1500
1220,1830,1980,2060
wiggle_up
1620,1760,1270,1400
1270,1630,1500,1500
1740,1140,1300,1840
1110,990,1590,1720
1220,1270,1500,1500
1220,1740,1520,1140
wiggle_down
1620,1760,1270,1540
1270,1500,1500,1500
1740,1140,1300,1680
1110,990,1590,1520
1220,1350,1500,1500
1220,1740,1520,1270